gravity: 9.81
length: 0.5
torque_limit: 10
torque_limit_control: 1.5
mass:  0.57288 #0.6755
inertia: None #0.139625 
damping: 0.1 #0.15
coulomb_fric: 0.0
dt: 0.0075 #0.01
runtime: 10

