gravity: 9.81
length: 0.4 #0.5
torque_limit: 5
torque_limit_control: 1.5
mass:  0.57288 #0.6755
inertia: None #0.139625 
damping: 0.15 #0.35
coulomb_fric: 0.0
dt: 0.005 #0.00125 #0.01
runtime: 10

