gravity: 9.81
length: 0.4 #0.5
torque_limit: 1.5
torque_limit_control: 1
mass:  0.57288 #0.6755
inertia: 0.139625 #None 
damping: 0.15 #0.35 
coulomb_fric: 1.3
dt: 0.005 #0.00125 #0.01
runtime: 20
